-101 27
-102 27
-103 26
-104 26
-105 26
-106 26
-107 25
-108 25
-109 24
-109 23
-110 22
-111 22
-111 21
-111 20
-111 19
-111 18
-112 18
-112 17
-112 16
-112 15
-112 14
-112 13
-112 12
-112 11
-111 10
-111 9
-111 7
-110 5
-110 4
-110 2
-110 0
-110 -1
-110 -3
-110 -5
-110 -6
-110 -7
-110 -8
-110 -10
-110 -11
-111 -11
-112 -12
-112 -14
-113 -14
-113 -15
-114 -16
-114 -17
-114 -18
-115 -18
-117 -19
-117 -20
-118 -21
-118 -22
-120 -22
-120 -23
-121 -24
-122 -25
-122 -26
-123 -27
-124 -28
-124 -29
-124 -30
-124 -31
-124 -32
-124 -33
-123 -34
-122 -36
-122 -38
-121 -39
-120 -40
-119 -42
-119 -44
-118 -45
-118 -46
-117 -47
-115 -49
-115 -50
-114 -50
-114 -52
-113 -54
-111 -55
-111 -56
-110 -58
-109 -58
-108 -60
-107 -60
-106 -61
-106 -62
-105 -62
-104 -62
-103 -63
-103 -64
-102 -65
-102 -66
-102 -67
-102 -68
-101 -68
-101 -69
-100 -69
-100 -70
-99 -70
-99 -71
-98 -72
-98 -73
-97 -74
-95 -74
-94 -75
-93 -75
-92 -76
-90 -77
-89 -77
-88 -77
-86 -78
-84 -78
-83 -78
-82 -78
-80 -78
-79 -78
-78 -78
-76 -78
-75 -78
-74 -78
-73 -78
-71 -78
-70 -78
-70 -77
-69 -77
-67 -77
-66 -77
-64 -77
-63 -77
-62 -77
-60 -77
-59 -77
-58 -77
-56 -77
-55 -77
-54 -78
-53 -78
-52 -78
-52 -79
-51 -80
-50 -80
-50 -81
-49 -82
-48 -83
-47 -83
-47 -84
-46 -85
-46 -86
-45 -86
-44 -86
-43 -87
-42 -88
-41 -89
-40 -90
-39 -90
-38 -90
-36 -91
-34 -92
-33 -92
-31 -92
-30 -93
-29 -93
-27 -94
-26 -94
-24 -94
-22 -94
-21 -94
-19 -94
-18 -94
-17 -94
-15 -94
-14 -94
-13 -94
-11 -94
-10 -94
-9 -93
-8 -93
-6 -93
-5 -92
-2 -92
-1 -92
2 -92
5 -92
8 -92
10 -92
14 -92
17 -92
19 -92
22 -92
24 -92
26 -92
28 -92
30 -92
32 -93
33 -93
34 -93
37 -94
39 -94
41 -94
42 -94
44 -94
46 -95
47 -95
49 -95
50 -95
51 -95
52 -95
53 -94
54 -94
55 -93
55 -92
55 -91
56 -90
57 -90
58 -89
58 -88
26 24
25 24
25 23
25 22
24 22
22 22
22 21
22 20
21 20
21 19
20 18
19 18
18 17
18 16
17 15
16 15
16 14
14 14
13 14
11 13
10 13
9 12
6 11
4 11
2 10
1 10
0 10
-1 10
-2 10
-3 10
-5 10
-6 10
-7 10
-8 10
-9 10
-10 10
-10 9
-11 9
-11 8
-12 8
-13 8
-14 8
-14 7
-15 7
-16 7
-17 7
-18 8
-19 9
-19 10
-20 10
-22 11
-22 13
-23 13
-25 14
-26 16
-27 18
-28 19
-30 19
-30 21
-31 22
-32 22
-33 22
-34 23
-34 24
-35 24
-36 24
-37 24
-38 25
-39 26
-40 26
-41 26
-42 26
-42 27
-42 28
-44 28
-45 29
-46 29
-47 29
-48 29
-49 29
-49 28
-50 28
-50 27
-51 27
-52 27
-52 26
-53 26
-54 26
-55 26
-57 26
-58 27
-59 27
-60 28
-62 29
-64 30
-66 30
-67 31
-69 32
-71 33
-72 33
-74 34
-76 34
-77 34
-78 34
-79 34
-80 34
-81 34
-82 34
-83 34
-84 34
-85 34
-86 34
-87 34
-88 34
-88 33
-89 33
-90 32
-90 31
-91 30
-92 30
-93 30
-94 29
-94 28
-94 27
-95 26
-96 26
-97 26
-98 26
-99 26
-100 26
-101 26
-102 27
-102 28
-103 28
-104 28
-104 29
-105 29